local module = {}
	local menuAngles = {
		CFrame.new(-333.325378, 18.4592819, 7.52099228, -0.207114354, -0.158277869, 0.965428293, -0, 0.986825943, 0.161785915, -0.978316784, 0.0335081853, -0.204385802), -- Pond
		CFrame.new(-1543.72205, 222.734253, -261.891785, -0.084231101, 0.0782897845, -0.993366003, -0, 0.996908844, 0.078568995, 0.996446311, 0.00661795307, -0.0839707106), -- Main Island
		CFrame.new(-248.252747, 125.015266, 170.862808, 0.825449944, -0.272036076, 0.4945997, -0, 0.876211286, 0.481927216, -0.564475417, -0.397806793, 0.723268509), -- Main Island Overview 1
	};
	
	function module.returnMenuAngles()
		return menuAngles
	end
	
return module
